algorithm/data      c_max     exec time     order
- - - - - - - - - - - - - - - - - - - - - - - - - - - - - - - - - - - - - - - - - - - - - - - - - -
Johnson             1443.0    0.000228      [2, 16, 10, 8, 7, 14, 15, 18, 5, 1, 4, 17, 3, 9, 0, 13, 6, 12, 19, 11]
NEH                 1286.0    0.050463      [2, 16, 8, 7, 14, 13, 10, 15, 12, 18, 5, 3, 4, 17, 0, 1, 9, 6, 19, 11]
NEH MOD 1           1286.0    0.092912      [2, 16, 8, 7, 14, 13, 10, 15, 12, 18, 5, 3, 4, 17, 0, 1, 9, 6, 19, 11]
NEH MOD 2           1286.0    0.079424      [2, 16, 8, 7, 14, 13, 10, 15, 12, 18, 5, 3, 4, 17, 0, 1, 9, 6, 19, 11]
NEH MOD 3           1286.0    0.076436      [2, 16, 8, 7, 14, 13, 10, 15, 12, 18, 5, 3, 4, 17, 0, 1, 9, 6, 19, 11]
TS rdm swp 5        1297.0    20.000381     [14, 5, 1, 8, 16, 7, 12, 13, 18, 0, 10, 3, 15, 4, 2, 6, 9, 17, 11, 19]
TS rdm ins 5        1279.0    20.000820     [2, 14, 16, 12, 0, 1, 8, 5, 13, 3, 7, 18, 4, 6, 10, 17, 15, 9, 19, 11]
TS rdm inv 5        1388.0    20.000919     [12, 14, 8, 16, 4, 18, 2, 10, 1, 13, 0, 15, 7, 6, 9, 5, 19, 17, 11, 3]
TS neh swp 5        1286.0    20.037440     [2, 16, 8, 7, 14, 13, 10, 15, 12, 18, 5, 3, 4, 17, 0, 1, 9, 6, 19, 11]
TS neh ins 5        1278.0    20.036815     [10, 16, 2, 14, 5, 18, 13, 8, 12, 0, 1, 3, 4, 17, 6, 7, 15, 9, 19, 11]
TS neh inv 5        1286.0    20.037283     [2, 16, 8, 7, 14, 13, 10, 15, 12, 18, 5, 3, 4, 17, 0, 1, 9, 6, 19, 11]
TS neh swp 5        1286.0    8.730140      [2, 16, 8, 7, 14, 13, 10, 15, 12, 18, 5, 3, 4, 17, 0, 1, 9, 6, 19, 11]
TS neh swp 10       1278.0    21.175382     [8, 14, 5, 7, 13, 10, 2, 16, 4, 6, 0, 18, 17, 12, 15, 3, 1, 9, 19, 11]
TS neh swp 15       1278.0    37.623826     [8, 14, 5, 16, 12, 0, 10, 13, 2, 18, 1, 3, 4, 17, 6, 7, 15, 9, 19, 11]